{"frames": [{"file_path": "undist/cam01/00000000.png", "sharpness": 144.61619140625, "transform_matrix": [[-0.9494136870623794, -0.18468533463850634, 0.2539783023596294, 0.625143915112488], [0.31160478743598824, -0.45377532333220333, 0.8348595165570464, 3.8534685632410013], [-0.03893722291887477, 0.8717679067136666, 0.4883693372653267, 2.300355371074816], [0.0, 0.0, 0.0, 1.0]], "camera_angle_x": 1.2350014454584481, "camera_angle_y": 0.6612817188739686, "fl_x": 807.584228515625, "fl_y": 798.2727661132812, "is_fisheye": false, "cx": 579.8645346044941, "cy": 272.55559054109835, "w": 1147, "h": 548, "aabb_scale": 4}, {"file_path": "undist/cam02/00000000.png", "sharpness": 154.6546484375, "transform_matrix": [[-0.765635160422316, 0.28008596077542003, 0.5790981400272345, 2.1260899427213893], [0.6432721029069367, 0.33608981398636745, 0.6879277858615936, 2.2635759043056054], [-0.001950071314452577, 0.8992193790119248, -0.4374936636304729, -1.9711978934754677], [0.0, 0.0, 0.0, 1.0]], "camera_angle_x": 1.2813560128234078, "camera_angle_y": 0.6824486354811633, "fl_x": 769.1810302734375, "fl_y": 771.5810546875, "is_fisheye": false, "cx": 576.706494374208, "cy": 262.35446567935287, "w": 1147, "h": 548, "aabb_scale": 4}, {"file_path": "undist/cam03/00000000.png", "sharpness": 201.36289713541666, "transform_matrix": [[-0.4533974187971106, 0.3329566647426601, 0.8267833090435242, 3.753041865470053], [0.8571021198778358, 0.41738423474606445, 0.3019376702077775, 0.833404062355581], [-0.24455415911339928, 0.8455354871706359, -0.47461879785886063, -1.9930066052599986], [0.0, 0.0, 0.0, 1.0]], "camera_angle_x": 1.2398126833037229, "camera_angle_y": 0.6685561788478617, "fl_x": 803.4827880859375, "fl_y": 788.9161987304688, "is_fisheye": false, "cx": 582.4889228938337, "cy": 278.95772850023786, "w": 1147, "h": 548, "aabb_scale": 4}, {"file_path": "undist/cam04/00000000.png", "sharpness": 89.35721462639579, "transform_matrix": [[-0.9872218086893702, 0.05258466596765959, 0.1504259067931994, 0.655862586378701], [0.12940263751478306, -0.28634562957847126, 0.9493477433636553, 3.772714528690631], [0.09299493495754019, 0.956682305368233, 0.2758820558737059, 0.026473219712863233], [0.0, 0.0, 0.0, 1.0]], "camera_angle_x": 1.2593733320294918, "camera_angle_y": 0.6775999873338143, "fl_x": 787.0882568359375, "fl_y": 777.5535888671875, "is_fisheye": false, "cx": 565.0949187665901, "cy": 277.24492621932586, "w": 1147, "h": 548, "aabb_scale": 4}, {"file_path": "undist/cam05/00000000.png", "sharpness": 187.92399305555554, "transform_matrix": [[-0.9420787936166989, 0.2885845032597772, 0.1708991842502783, 0.5902292692636749], [0.27286253641583824, 0.3631855908167439, 0.8908660184606584, 3.7957626958293798], [0.19502200620644788, 0.8858979688314577, -0.42089334278537366, -2.0101258110930127], [0.0, 0.0, 0.0, 1.0]], "camera_angle_x": 1.271019426471548, "camera_angle_y": 0.678999082081019, "fl_x": 777.5347900390625, "fl_y": 775.82177734375, "is_fisheye": false, "cx": 575.2916681886927, "cy": 267.6975180712907, "w": 1147, "h": 548, "aabb_scale": 4}, {"file_path": "undist/cam06/00000000.png", "sharpness": 192.948203125, "transform_matrix": [[-0.7582978883208477, -0.2543924106712146, 0.6002239698999278, 2.1882527223432247], [0.6498280329480982, -0.3684583686650236, 0.6648021947614593, 2.3295462554253867], [0.05203691183808976, 0.8941604621270481, 0.44471252271623196, 2.301831715039756], [0.0, 0.0, 0.0, 1.0]], "camera_angle_x": 1.3040147045409898, "camera_angle_y": 0.7064800035238922, "fl_x": 751.2673950195312, "fl_y": 743.1423950195312, "is_fisheye": false, "cx": 562.8436180459903, "cy": 278.40719393561085, "w": 1147, "h": 548, "aabb_scale": 4}, {"file_path": "undist/cam07/00000000.png", "sharpness": 161.84282118055555, "transform_matrix": [[-0.14007535375467872, -0.09293315865165093, 0.9857699140138771, 3.71517149065231], [0.9894855958516598, -0.04935259502575141, 0.13595064166986556, 0.9459230551513476], [0.03601598080379729, 0.9944484649657429, 0.09886910406974918, 0.10235585293807298], [0.0, 0.0, 0.0, 1.0]], "camera_angle_x": 1.2907606105150673, "camera_angle_y": 0.6953380826468317, "fl_x": 761.6804809570312, "fl_y": 756.0932006835938, "is_fisheye": false, "cx": 567.4949284171053, "cy": 280.1380512826836, "w": 1147, "h": 548, "aabb_scale": 4}, {"file_path": "undist/cam08/00000000.png", "sharpness": 169.30550998263888, "transform_matrix": [[-0.9499926837929054, 0.07333836359208273, -0.3035381116877848, -0.8028320136247982], [-0.30502105189174605, -0.42618345878423164, 0.851662971700484, 3.819810795850396], [-0.06690335363545091, 0.9016591062890268, 0.4272409126054521, 2.3751720811673405], [0.0, 0.0, 0.0, 1.0]], "camera_angle_x": 1.2691167986716156, "camera_angle_y": 0.6831535389867633, "fl_x": 779.085205078125, "fl_y": 770.7195434570312, "is_fisheye": false, "cx": 582.076865960873, "cy": 272.10231013673183, "w": 1147, "h": 548, "aabb_scale": 4}, {"file_path": "undist/cam09/00000000.png", "sharpness": 196.93888671875, "transform_matrix": [[-0.4661965019173075, 0.44316124210448954, -0.7656820065653034, -3.789316198437287], [-0.8806910927280658, -0.31458536844860957, 0.3541457964619032, 0.5915915295389854], [-0.08392866510367586, 0.8394308545234734, 0.5369467568888393, 2.496558020829231], [0.0, 0.0, 0.0, 1.0]], "camera_angle_x": 1.2751622576794936, "camera_angle_y": 0.6851910874203911, "fl_x": 774.1726684570312, "fl_y": 768.2388916015625, "is_fisheye": false, "cx": 567.5447876887483, "cy": 277.8440806507424, "w": 1147, "h": 548, "aabb_scale": 4}, {"file_path": "undist/cam10/00000000.png", "sharpness": 196.24116319444445, "transform_matrix": [[-0.620812542463705, 0.4608314639698064, -0.6342130154897434, -2.2608779896884337], [-0.7583562630262141, -0.1479528473964012, 0.634827325562118, 2.2444142381917263], [0.19871478430926245, 0.8750681783970408, 0.44132541025794636, 2.4737709549046922], [0.0, 0.0, 0.0, 1.0]], "camera_angle_x": 1.24990377314564, "camera_angle_y": 0.671833353412276, "fl_x": 794.9695434570312, "fl_y": 784.7647705078125, "is_fisheye": false, "cx": 554.9850012992974, "cy": 288.9228904281008, "w": 1147, "h": 548, "aabb_scale": 4}, {"file_path": "undist/cam11/00000000.png", "sharpness": 174.71190755208335, "transform_matrix": [[-0.9585637186490418, -0.06114581747821257, -0.27823872192065613, -0.9303357757745537], [-0.28090266033891675, 0.36547398240172846, 0.8874246241828535, 3.716673297171744], [0.047426709662753, 0.9288110449742568, -0.3675061224387031, -1.990977534142874], [0.0, 0.0, 0.0, 1.0]], "camera_angle_x": 1.2988364029590527, "camera_angle_y": 0.6926883797675117, "fl_x": 755.3140869140625, "fl_y": 759.2318725585938, "is_fisheye": false, "cx": 569.6426700887605, "cy": 264.2941269578405, "w": 1147, "h": 548, "aabb_scale": 4}, {"file_path": "undist/cam12/00000000.png", "sharpness": 214.11377170138888, "transform_matrix": [[-0.6905470778530964, -0.3209625661060106, -0.6481726348038711, -2.375128954101239], [-0.7216163378351176, 0.3666081414887161, 0.5872549119145457, 2.0963319696188103], [0.04913852152283973, 0.8732591263895758, -0.48477201235776857, -1.838836811890805], [0.0, 0.0, 0.0, 1.0]], "camera_angle_x": 1.207618587544733, "camera_angle_y": 0.6365559659002145, "fl_x": 831.4683227539062, "fl_y": 831.6150512695312, "is_fisheye": false, "cx": 567.7113905613369, "cy": 268.92502516476816, "w": 1147, "h": 548, "aabb_scale": 4}, {"file_path": "undist/cam13/00000000.png", "sharpness": 224.84866970486112, "transform_matrix": [[-0.3069785206693486, -0.31167676068067285, -0.8992339989016535, -3.8797539583498133], [-0.9285414534538472, 0.30532526913574193, 0.21115693038387806, 0.5223712964288936], [0.20874615467333543, 0.8997966864535801, -0.3831330918124798, -1.7926994427482152], [0.0, 0.0, 0.0, 1.0]], "camera_angle_x": 1.2921463060343688, "camera_angle_y": 0.6891689435877011, "fl_x": 760.583251953125, "fl_y": 763.4365844726562, "is_fisheye": false, "cx": 575.4212235100422, "cy": 264.2820438648341, "w": 1147, "h": 548, "aabb_scale": 4}, {"file_path": "undist/cam14/00000000.png", "sharpness": 185.33133463541665, "transform_matrix": [[-0.1600481240760301, 0.1732057605228471, -0.9717944034531397, -3.717837178039015], [-0.9870991789759845, -0.023644104184970195, 0.1583545616847379, 0.6299758565915357], [0.0044507141672501275, 0.9846018083185756, 0.17475545852627603, 0.30829824985354615], [0.0, 0.0, 0.0, 1.0]], "camera_angle_x": 1.2582708473099196, "camera_angle_y": 0.6747942959428793, "fl_x": 788.0005493164062, "fl_y": 781.0473022460938, "is_fisheye": false, "cx": 565.357973264483, "cy": 269.0022954370743, "w": 1147, "h": 548, "aabb_scale": 4}, {"file_path": "undist/cam15/00000000.png", "sharpness": 233.53326171875, "transform_matrix": [[-0.6506502986925241, 0.17810723149395521, -0.7381950981835936, -2.2543870570838096], [-0.7548647663947102, -0.045877714568023566, 0.6542739638454309, 2.1020962307726907], [0.08266422032910485, 0.9829410203468505, 0.16429722238190814, 0.21891007992799077], [0.0, 0.0, 0.0, 1.0]], "camera_angle_x": 1.276030385827315, "camera_angle_y": 0.6941372208279967, "fl_x": 773.4705200195312, "fl_y": 757.5128173828125, "is_fisheye": false, "cx": 586.4532719025556, "cy": 270.5682014174927, "w": 1147, "h": 548, "aabb_scale": 4}, {"file_path": "undist/cam16/00000000.png", "sharpness": 172.42022352430556, "transform_matrix": [[-0.9638156320644649, 0.06862598453966827, -0.25758474666706416, -0.8954844052399349], [-0.2612792866505794, -0.05164346744577219, 0.9638807429561399, 3.7012550605559524], [0.0528446954851641, 0.9963048863682787, 0.0677053295044658, 0.1747185975962147], [0.0, 0.0, 0.0, 1.0]], "camera_angle_x": 1.2766526764986552, "camera_angle_y": 0.6903475847985091, "fl_x": 772.9677124023438, "fl_y": 762.0238647460938, "is_fisheye": false, "cx": 578.7904839776857, "cy": 271.08038810359176, "w": 1147, "h": 548, "aabb_scale": 4}, {"file_path": "undist/cam17/00000000.png", "sharpness": 139.12811523411008, "transform_matrix": [[0.38487843483369133, 0.29981191934748, -0.8729154618280894, -3.603699307597422], [-0.9015481067565342, 0.32469033036095263, -0.28598461598124975, -0.7811873792307296], [0.19768561305695548, 0.8970445933549973, 0.3952611744257205, 2.5589674139796434], [0.0, 0.0, 0.0, 1.0]], "camera_angle_x": 1.2583407218488285, "camera_angle_y": 0.6729274122158697, "fl_x": 787.9426879882812, "fl_y": 783.3875122070312, "is_fisheye": false, "cx": 574.9423478273202, "cy": 270.2573662572577, "w": 1147, "h": 548, "aabb_scale": 4}, {"file_path": "undist/cam18/00000000.png", "sharpness": 218.6777517361111, "transform_matrix": [[0.88850798800222, 0.28265896592720174, -0.3614657166573484, -0.5181281687595739], [-0.4587995527290434, 0.5601554787351626, -0.6897309693371387, -3.8388061452386872], [0.0075183589997434705, 0.7786717849578364, 0.6273864245216537, 2.4957739015572935], [0.0, 0.0, 0.0, 1.0]], "camera_angle_x": 1.2652998986132185, "camera_angle_y": 0.6735835482449614, "fl_x": 782.2076416015625, "fl_y": 782.5635986328125, "is_fisheye": false, "cx": 571.4969796865262, "cy": 265.6125985084218, "w": 1147, "h": 548, "aabb_scale": 4}, {"file_path": "undist/cam19/00000000.png", "sharpness": 176.68662542649253, "transform_matrix": [[0.7748807052494711, 0.3554000113735042, -0.5227338946626603, -2.125477232368436], [-0.6267578756564789, 0.5393483986326958, -0.5623858730436445, -2.270852691618355], [0.08206374332132879, 0.7634095472788057, 0.6406804236444225, 2.463465043298463], [0.0, 0.0, 0.0, 1.0]], "camera_angle_x": 1.2851052529426195, "camera_angle_y": 0.6927450615308866, "fl_x": 766.1795654296875, "fl_y": 759.1644897460938, "is_fisheye": false, "cx": 563.9431595913775, "cy": 277.2167859119236, "w": 1147, "h": 548, "aabb_scale": 4}, {"file_path": "undist/cam20/00000000.png", "sharpness": 76.00416329758147, "transform_matrix": [[0.8686646387390294, -0.34011396619758183, -0.3602002713535065, -2.344101750040444], [-0.48026377377288926, -0.3997933919793114, -0.7807124639297346, -2.3385326131068433], [0.12152552429074166, 0.8511684520728348, -0.5106307993328753, -1.6929378414689336], [0.0, 0.0, 0.0, 1.0]], "camera_angle_x": 1.2554092615471781, "camera_angle_y": 0.6715614011873279, "fl_x": 790.3749389648438, "fl_y": 785.1077880859375, "is_fisheye": false, "cx": 579.2622050463506, "cy": 269.540866892894, "w": 1147, "h": 548, "aabb_scale": 4}, {"file_path": "undist/cam21/00000000.png", "sharpness": 183.8270245157693, "transform_matrix": [[0.4177695943557399, -0.30303093287083444, -0.8565283532006808, -3.8443869105275166], [-0.8981177911824654, -0.2802115068926769, -0.33891878757395955, -0.9369970784622962], [-0.13730622418067664, 0.9108533170660625, -0.38922131965827994, -1.7674778427536848], [0.0, 0.0, 0.0, 1.0]], "camera_angle_x": 1.2315042726078107, "camera_angle_y": 0.6553962568748598, "fl_x": 810.5829467773438, "fl_y": 805.9891357421875, "is_fisheye": false, "cx": 581.5140462874951, "cy": 268.6945507135024, "w": 1147, "h": 548, "aabb_scale": 4}, {"file_path": "undist/cam22/00000000.png", "sharpness": 102.75307725647355, "transform_matrix": [[0.9656292243058474, -0.20190384829110958, -0.16369189745716223, -0.7304661452743183], [-0.20891888057489075, -0.22822053380657437, -0.950930223146007, -3.9911067307949066], [0.15463861929201742, 0.9524443417213956, -0.26255794299904994, -1.8549811666837839], [0.0, 0.0, 0.0, 1.0]], "camera_angle_x": 1.254924890076804, "camera_angle_y": 0.6702380115115358, "fl_x": 790.7777709960938, "fl_y": 786.7808227539062, "is_fisheye": false, "cx": 574.7916666801866, "cy": 268.7440410246563, "w": 1147, "h": 548, "aabb_scale": 4}, {"file_path": "undist/cam23/00000000.png", "sharpness": 214.86493805939358, "transform_matrix": [[0.9835008239944691, 0.0599973642368674, -0.17066471682285944, -0.6342125921219797], [-0.17801089028097963, 0.15293054844574636, -0.9720722042613881, -3.7466646758554614], [-0.0322219213595474, 0.9864139920543841, 0.1610875046326348, 0.34260653366322574], [0.0, 0.0, 0.0, 1.0]], "camera_angle_x": 1.2542305283576176, "camera_angle_y": 0.6744297008074932, "fl_x": 791.355712890625, "fl_y": 781.5033569335938, "is_fisheye": false, "cx": 564.7334953357204, "cy": 273.05767559910055, "w": 1147, "h": 548, "aabb_scale": 4}, {"file_path": "undist/cam24/00000000.png", "sharpness": 197.26688368055557, "transform_matrix": [[0.23785515416582426, 0.08395736173709037, -0.967665276388637, -3.613224086198755], [-0.9647220864940645, 0.1361750540299675, -0.22531677810276868, -0.8794761652672618], [0.11285486905053616, 0.9871208214572825, 0.11338545966138036, 0.3928786456235972], [0.0, 0.0, 0.0, 1.0]], "camera_angle_x": 1.3188529963157956, "camera_angle_y": 0.7218421125023503, "fl_x": 739.8220825195312, "fl_y": 725.914794921875, "is_fisheye": false, "cx": 594.6949705685802, "cy": 255.4278334807459, "w": 1147, "h": 548, "aabb_scale": 4}, {"file_path": "undist/cam25/00000000.png", "sharpness": 154.70443131905537, "transform_matrix": [[0.7967132560934013, 0.16958385817200244, -0.5800769799724397, -2.1718828714194833], [-0.6003758492099923, 0.11209090580754352, -0.7918235084441247, -2.2351353050234817], [-0.06925913143003092, 0.9791204951219409, 0.19111836340670996, 0.32641203457031576], [0.0, 0.0, 0.0, 1.0]], "camera_angle_x": 1.294035046238871, "camera_angle_y": 0.705656600752233, "fl_x": 759.0909423828125, "fl_y": 744.0860595703125, "is_fisheye": false, "cx": 559.8420916788891, "cy": 278.5247501201811, "w": 1147, "h": 548, "aabb_scale": 4}, {"file_path": "undist/cam26/00000000.png", "sharpness": 134.22760524842886, "transform_matrix": [[0.9538528293132358, -0.10765369658220536, 0.28031314936106705, 0.9033197016031976], [0.3000027884674709, 0.38136836208894576, -0.8743892150029499, -3.650404531725215], [-0.012771335397144083, 0.9181333531039614, 0.3960657003525883, 2.5342442090522144], [0.0, 0.0, 0.0, 1.0]], "camera_angle_x": 1.2689366177477301, "camera_angle_y": 0.6827781155410118, "fl_x": 779.2322387695312, "fl_y": 771.1781616210938, "is_fisheye": false, "cx": 581.4179673549297, "cy": 271.81541412992556, "w": 1147, "h": 548, "aabb_scale": 4}, {"file_path": "undist/cam27/00000000.png", "sharpness": 266.48029296858056, "transform_matrix": [[0.6482968609972617, -0.4538652191435417, 0.6113244171095084, 2.382951008821465], [0.7592699244718988, 0.4452194705401369, -0.47464597843923173, -2.152352572668645], [-0.05674823229383042, 0.7718717419136921, 0.6332405958655722, 2.3888819533835948], [0.0, 0.0, 0.0, 1.0]], "camera_angle_x": 1.2719625971241475, "camera_angle_y": 0.6820250184940847, "fl_x": 776.7677001953125, "fl_y": 772.099609375, "is_fisheye": false, "cx": 582.3144213102933, "cy": 267.65811995300464, "w": 1147, "h": 548, "aabb_scale": 4}, {"file_path": "undist/cam28/00000000.png", "sharpness": 135.27091215142028, "transform_matrix": [[0.38096078999559235, -0.3674131965348475, 0.8484553138376694, 3.907194328126889], [0.9064777497438516, 0.3291717622805203, -0.2644693557684853, -0.5065618368923037], [-0.1821179994838065, 0.8698583183489714, 0.4584534222237324, 2.370874931817311], [0.0, 0.0, 0.0, 1.0]], "camera_angle_x": 1.2589693782657982, "camera_angle_y": 0.6724575146091533, "fl_x": 787.42236328125, "fl_y": 783.978515625, "is_fisheye": false, "cx": 573.1722170600551, "cy": 278.5023627811461, "w": 1147, "h": 548, "aabb_scale": 4}, {"file_path": "undist/cam29/00000000.png", "sharpness": 212.45636836543667, "transform_matrix": [[0.6985122266553763, 0.37588145007275614, 0.6089284069457991, 2.2745490005209614], [0.7149070252063637, -0.3291636325655223, -0.6168948438032171, -2.202114283649769], [-0.03144224202854373, 0.8662357869304771, -0.49864511121908345, -1.832459484210969], [0.0, 0.0, 0.0, 1.0]], "camera_angle_x": 1.2253775560111912, "camera_angle_y": 0.6467479184184057, "fl_x": 815.872314453125, "fl_y": 817.5734252929688, "is_fisheye": false, "cx": 571.6398871015699, "cy": 267.7275883641505, "w": 1147, "h": 548, "aabb_scale": 4}, {"file_path": "undist/cam30/00000000.png", "sharpness": 160.75132157975122, "transform_matrix": [[0.9509884135235485, 0.16377004536872627, 0.26229832188805174, 0.8404971603141479], [0.30396642091040355, -0.3392981659210797, -0.8902141144498044, -3.9005158761549357], [-0.05679306637053166, 0.9263131905120061, -0.37244921906380357, -1.8344828548019756], [0.0, 0.0, 0.0, 1.0]], "camera_angle_x": 1.2743866028165893, "camera_angle_y": 0.6824114191076462, "fl_x": 774.8007202148438, "fl_y": 771.6265869140625, "is_fisheye": false, "cx": 579.0354229605509, "cy": 264.69358192250365, "w": 1147, "h": 548, "aabb_scale": 4}, {"file_path": "undist/cam31/00000000.png", "sharpness": 180.47670677980813, "transform_matrix": [[0.3201292149344625, 0.4893101344465821, 0.8112292389668352, 3.847519668592748], [0.947365911228069, -0.16182833925584147, -0.2762415950953891, -0.6461106016599976], [-0.0038879315380802204, 0.8569639321587994, -0.5153617205932356, -1.9618306356641315], [0.0, 0.0, 0.0, 1.0]], "camera_angle_x": 1.1731455887279105, "camera_angle_y": 0.6213294573501993, "fl_x": 862.9207153320312, "fl_y": 853.4214477539062, "is_fisheye": false, "cx": 566.4332009690843, "cy": 276.51079242579, "w": 1147, "h": 548, "aabb_scale": 4}, {"file_path": "undist/cam32/00000000.png", "sharpness": 238.38429683852968, "transform_matrix": [[0.14380258897949064, -0.16802572838473367, 0.9752374941956311, 3.7517699985812536], [0.9893158662182739, 0.000531371224801562, -0.14578694899594513, -0.6414051969772655], [0.023977745152268495, 0.9857824670437274, 0.16630693158173476, 0.12507592321797015], [0.0, 0.0, 0.0, 1.0]], "camera_angle_x": 1.2687850426431382, "camera_angle_y": 0.6817723157588287, "fl_x": 779.35595703125, "fl_y": 772.4092407226562, "is_fisheye": false, "cx": 574.4723929294269, "cy": 272.9699322500801, "w": 1147, "h": 548, "aabb_scale": 4}, {"file_path": "undist/cam33/00000000.png", "sharpness": 295.1851995166731, "transform_matrix": [[0.700141621268222, -0.0763953611631022, 0.7099052465238322, 2.2663089492237005], [0.7135565698012556, 0.11005837449013896, -0.6918989636516248, -2.1151450531537033], [-0.02527314625789259, 0.9909848147583118, 0.13156886060994236, 0.22446889799193193], [0.0, 0.0, 0.0, 1.0]], "camera_angle_x": 1.2537475294949738, "camera_angle_y": 0.6721153524383788, "fl_x": 791.758056640625, "fl_y": 784.4093627929688, "is_fisheye": false, "cx": 568.038111320886, "cy": 277.5995907029228, "w": 1147, "h": 548, "aabb_scale": 4}, {"file_path": "undist/cam34/00000000.png", "sharpness": 299.3943890534847, "transform_matrix": [[0.9872843542790914, -0.01328919350712683, 0.15840770566183246, 0.9307774051395744], [0.15889089921648153, 0.11274764258255612, -0.9808372195437896, -3.7125806733970323], [-0.004825559770773429, 0.9935347837456181, 0.11342551540981795, 0.32936758546063755], [0.0, 0.0, 0.0, 1.0]], "camera_angle_x": 1.2636566930596065, "camera_angle_y": 0.6830517247730835, "fl_x": 783.556884765625, "fl_y": 770.8438720703125, "is_fisheye": false, "cx": 563.8859959349647, "cy": 277.1691641231009, "w": 1147, "h": 548, "aabb_scale": 4}, {"file_path": "undist/cam35/00000000.png", "sharpness": 222.17576931409366, "transform_matrix": [[0.63228348601394, -0.6825048173757655, 0.3666125579604865, 1.6335887712273933], [0.774635522491868, 0.564600280369256, -0.284897052818815, -1.3580213139206356], [-0.012545942006381615, 0.4641268120991795, 0.8856799092874142, 3.435244635974108], [0.0, 0.0, 0.0, 1.0]], "camera_angle_x": 1.3066962509157476, "camera_angle_y": 0.7071178978510848, "fl_x": 749.1826171875, "fl_y": 742.4127807617188, "is_fisheye": false, "cx": 588.555997391406, "cy": 263.90789621146905, "w": 1147, "h": 548, "aabb_scale": 4}, {"file_path": "undist/cam36/00000000.png", "sharpness": 173.64229383680555, "transform_matrix": [[0.9979380741283309, -0.004310115058493454, 0.06403923168354157, 0.17437612712133924], [0.040632890311741124, 0.8147734057637358, -0.5783539275298601, -2.978558739817021], [-0.04968469092910667, 0.5797635036803506, 0.8132685358312467, 3.589885402706524], [0.0, 0.0, 0.0, 1.0]], "camera_angle_x": 1.2542519307799476, "camera_angle_y": 0.6683506544857646, "fl_x": 791.337890625, "fl_y": 789.1778564453125, "is_fisheye": false, "cx": 574.7584542573895, "cy": 271.1518804567204, "w": 1147, "h": 548, "aabb_scale": 4}, {"file_path": "undist/cam37/00000000.png", "sharpness": 159.63899956597223, "transform_matrix": [[-6.38463748074959e-05, 0.8051700434861856, -0.593044009393479, -2.932571959582287], [-0.9998845296292781, 0.008960591566014836, 0.01227335369664004, -0.02248993840108077], [0.015196161878491833, 0.5929763139910001, 0.8050764981014823, 3.5286085683656836], [0.0, 0.0, 0.0, 1.0]], "camera_angle_x": 1.2845064125588832, "camera_angle_y": 0.6876588669582083, "fl_x": 766.657958984375, "fl_y": 765.2533569335938, "is_fisheye": false, "cx": 565.9938805135462, "cy": 280.63548486315267, "w": 1147, "h": 548, "aabb_scale": 4}, {"file_path": "undist/cam38/00000000.png", "sharpness": 167.8757431673108, "transform_matrix": [[0.7177213832594985, 0.6301352727519048, -0.2963200197883231, -1.3377122719064007], [-0.6936689183539967, 0.6098397922674911, -0.38329996018898504, -1.4162886062598596], [-0.060823085647070785, 0.48065056524335004, 0.874800312339424, 3.517900663186622], [0.0, 0.0, 0.0, 1.0]], "camera_angle_x": 1.2940333446333696, "camera_angle_y": 0.7003401657343054, "fl_x": 759.09228515625, "fl_y": 750.2301635742188, "is_fisheye": false, "cx": 578.6150806177175, "cy": 271.8881496256872, "w": 1147, "h": 548, "aabb_scale": 4}, {"file_path": "undist/cam39/00000000.png", "sharpness": 221.79704210069445, "transform_matrix": [[-0.04912329572051178, -0.7623836948725924, 0.6452580907600983, 3.083200598941599], [0.9929653734255376, 0.03240725214971447, 0.11388387590052315, 0.1622536243049508], [-0.10773425174435845, 0.64631329236111, 0.7554286592418651, 3.3776751769545275], [0.0, 0.0, 0.0, 1.0]], "camera_angle_x": 1.3009504543335977, "camera_angle_y": 0.7017430418690984, "fl_x": 753.65869140625, "fl_y": 748.6002197265625, "is_fisheye": false, "cx": 580.5917455104645, "cy": 284.39194445499743, "w": 1147, "h": 548, "aabb_scale": 4}, {"file_path": "undist/cam40/00000000.png", "sharpness": 128.23631074964268, "transform_matrix": [[-0.9631092944891746, 0.25256127295357406, -0.09291550115041165, -0.003436178550957026], [-0.25440298171993875, -0.7419023732838252, 0.6203708499050951, 3.1163244717155845], [0.08774742073697517, 0.6211229121144132, 0.7787854122196021, 3.4425964430092533], [0.0, 0.0, 0.0, 1.0]], "camera_angle_x": 1.2632899915259932, "camera_angle_y": 0.6788493120867006, "fl_x": 783.8583984375, "fl_y": 776.0068359375, "is_fisheye": false, "cx": 578.2504922069493, "cy": 273.5307259900437, "w": 1147, "h": 548, "aabb_scale": 4}, {"file_path": "undist/cam41/00000000.png", "sharpness": 143.59561578141145, "transform_matrix": [[-0.7691456886748302, 0.5788309947540532, -0.2708682136876753, -1.5083855334161143], [-0.6374097148775948, -0.6642643029619895, 0.39046355936786664, 1.4804025072231124], [0.04608432532430765, 0.47297739412848805, 0.8798685240923015, 3.4339836481149737], [0.0, 0.0, 0.0, 1.0]], "camera_angle_x": 1.314228045028314, "camera_angle_y": 0.7123071866910503, "fl_x": 743.3658447265625, "fl_y": 736.5238647460938, "is_fisheye": false, "cx": 580.5752025914262, "cy": 270.03533052624516, "w": 1147, "h": 548, "aabb_scale": 4}, {"file_path": "undist/cam42/00000000.png", "sharpness": 175.3751215186599, "transform_matrix": [[-0.7009703541230757, -0.7126389784954761, -0.028040132861535397, 0.09742260150479713], [0.7117921393025415, -0.7015158812720855, 0.03503453659317958, 0.07896324520923997], [-0.0446375748851723, 0.004599425366419084, 0.998992658771928, 3.4049148684980177], [0.0, 0.0, 0.0, 1.0]], "camera_angle_x": 1.2811221953169896, "camera_angle_y": 0.6919519674776354, "fl_x": 769.3687133789062, "fl_y": 760.1082763671875, "is_fisheye": false, "cx": 582.6555101557497, "cy": 274.886849081111, "w": 1147, "h": 548, "aabb_scale": 4}, {"file_path": "undist/cam43/00000000.png", "sharpness": 161.64831813405405, "transform_matrix": [[-0.7152510882049437, -0.5856405216602629, 0.3813673560919148, 1.53319965855534], [0.6988656691996619, -0.6006408642522856, 0.3883520678566228, 1.6139175011307034], [0.0016301107532623617, 0.5442937916671714, 0.8388930868573435, 3.3958696011347627], [0.0, 0.0, 0.0, 1.0]], "camera_angle_x": 1.2816393534139503, "camera_angle_y": 0.6778220004676463, "fl_x": 768.9536743164062, "fl_y": 777.2783203125, "is_fisheye": false, "cx": 569.6729454896777, "cy": 287.7207557891379, "w": 1147, "h": 548, "aabb_scale": 4}, {"file_path": "undist/cam44/00000000.png", "sharpness": 195.3495236290719, "transform_matrix": [[-0.658848092918369, -0.5670135972203126, -0.49438322292176107, -1.6108728563155303], [-0.751358422765507, 0.528437536838252, 0.39523953522362737, 1.353768843599866], [0.03714446194409834, 0.6318618126442518, -0.7741905054664132, -2.6380326380164836], [0.0, 0.0, 0.0, 1.0]], "camera_angle_x": 1.2325018878407599, "camera_angle_y": 0.6492485868964805, "fl_x": 809.7260131835938, "fl_y": 814.1932373046875, "is_fisheye": false, "cx": 572.6195288476556, "cy": 265.2699127614869, "w": 1147, "h": 548, "aabb_scale": 4}, {"file_path": "undist/cam45/00000000.png", "sharpness": 131.4816156582197, "transform_matrix": [[0.10092367338586163, -0.7594167506824732, -0.6427290338973155, -3.1644087828213574], [-0.9941525824390477, -0.05204008562168281, -0.09461750536977048, -0.1976123178723021], [0.038406444530034785, 0.6485198750660943, -0.760228200442706, -2.5599472437725295], [0.0, 0.0, 0.0, 1.0]], "camera_angle_x": 1.2722561203671034, "camera_angle_y": 0.6815566172959847, "fl_x": 776.5291748046875, "fl_y": 772.6737060546875, "is_fisheye": false, "cx": 576.418866942724, "cy": 272.55062123524476, "w": 1147, "h": 548, "aabb_scale": 4}, {"file_path": "undist/cam46/00000000.png", "sharpness": 223.53664902517087, "transform_matrix": [[0.7079642448218737, -0.5431400634915341, -0.4514260732009223, -1.4918154290984937], [-0.705765260246265, -0.5204514622565084, -0.48065130070428647, -1.6157432634895015], [0.026115618083681114, 0.65888477516036, -0.7517904147031443, -2.557389988143279], [0.0, 0.0, 0.0, 1.0]], "camera_angle_x": 1.268275659097002, "camera_angle_y": 0.6685608785178032, "fl_x": 779.7719116210938, "fl_y": 788.9102172851562, "is_fisheye": false, "cx": 579.081321294474, "cy": 254.5751415575087, "w": 1147, "h": 548, "aabb_scale": 4}, {"file_path": "undist/cam47/00000000.png", "sharpness": 242.15286132792633, "transform_matrix": [[0.9999687896303529, 0.007899229501488645, 0.0001483909976453736, 0.044853651141490994], [0.006022409853846617, -0.7499550376386503, -0.6614613912422259, -3.1774035348501712], [-0.005113748759571898, 0.6614416404591044, -0.7499792036622944, -2.570175369532033], [0.0, 0.0, 0.0, 1.0]], "camera_angle_x": 1.249811395624946, "camera_angle_y": 0.6607672355496679, "fl_x": 795.0469360351562, "fl_y": 798.9420166015625, "is_fisheye": false, "cx": 572.548073420734, "cy": 267.9292030632678, "w": 1147, "h": 548, "aabb_scale": 4}, {"file_path": "undist/cam48/00000000.png", "sharpness": 81.89810221192987, "transform_matrix": [[-0.9999295324080208, 0.011825534384950723, -0.0010426102748924558, -0.2035062967672853], [0.009170703010155053, 0.8252342240231468, 0.5647161886393484, 3.01990694939043], [0.007538468387652485, 0.5646668329801969, -0.8252845202183418, -2.710862680054561], [0.0, 0.0, 0.0, 1.0]], "camera_angle_x": 1.2073136463445595, "camera_angle_y": 0.6425870147908436, "fl_x": 831.7396240234375, "fl_y": 823.2540283203125, "is_fisheye": false, "cx": 560.2733846832634, "cy": 276.65904277592927, "w": 1147, "h": 548, "aabb_scale": 4}, {"file_path": "undist/cam49/00000000.png", "sharpness": 201.3360720486111, "transform_matrix": [[-0.1011039796290585, 0.7794530772889241, 0.6182482395360226, 3.003568698940572], [0.9933531656450828, 0.11345933498318024, 0.019402773312225362, 0.037193517954992907], [-0.055022482746125624, 0.6161005434953138, -0.7857433720896201, -2.7078379445764185], [0.0, 0.0, 0.0, 1.0]], "camera_angle_x": 1.2808943033416793, "camera_angle_y": 0.6888207667818995, "fl_x": 769.5516967773438, "fl_y": 763.8547973632812, "is_fisheye": false, "cx": 578.5095665287008, "cy": 269.0025873548402, "w": 1147, "h": 548, "aabb_scale": 4}, {"file_path": "undist/cam50/00000000.png", "sharpness": 157.28921114343584, "transform_matrix": [[0.6912392521339679, 0.5871421385842547, 0.42125100057967696, 1.4593373858789445], [0.7209362482382822, -0.5204849171607298, -0.45754385253048263, -1.499500899296186], [-0.04938848393023861, 0.6199673863662002, -0.7830716554587273, -2.5979303037155383], [0.0, 0.0, 0.0, 1.0]], "camera_angle_x": 1.2980788757015813, "camera_angle_y": 0.7083625433596147, "fl_x": 755.9083862304688, "fl_y": 740.9927978515625, "is_fisheye": false, "cx": 600.1219764669731, "cy": 258.23023232023843, "w": 1147, "h": 548, "aabb_scale": 4}, {"file_path": "undist/cam51/00000000.png", "sharpness": 137.86395988463312, "transform_matrix": [[0.7416489414960106, -0.6658328325892858, -0.08138480635458316, -0.049408606298212476], [-0.6690755625061999, -0.7429548804414882, -0.0188663003613329, -0.073448222433643], [-0.04790343686485607, 0.06844475678407906, -0.996504177658498, -2.5441820910668187], [0.0, 0.0, 0.0, 1.0]], "camera_angle_x": 1.273524537389257, "camera_angle_y": 0.6825130000772928, "fl_x": 775.49951171875, "fl_y": 771.5023193359375, "is_fisheye": false, "cx": 574.1909735548252, "cy": 272.29673108341376, "w": 1147, "h": 548, "aabb_scale": 4}, {"file_path": "undist/cam52/00000000.png", "sharpness": 183.6683203063965, "transform_matrix": [[-0.7259396155809585, 0.5812130678090408, 0.36769966605855336, 1.3364457870362105], [0.6872535621026162, 0.5925471564126079, 0.4202028186587238, 1.4609746040184615], [0.026347977797781676, 0.5577447779258323, -0.8295942061321112, -2.682026366642748], [0.0, 0.0, 0.0, 1.0]], "camera_angle_x": 1.2854087525504039, "camera_angle_y": 0.6860646030554243, "fl_x": 765.937255859375, "fl_y": 767.1797485351562, "is_fisheye": false, "cx": 578.76141259422, "cy": 262.1705631539662, "w": 1147, "h": 548, "aabb_scale": 4}], "aabb_scale": 4}